BONUS-Multiple size <= 100
TEST 1 ARG:19 65 4 35 77 38 46 63 59 84 62 67 83 27 82 30 16 12 5 91 55 95 51 11 22 50 54 13 26 56 85 39 61 18 25 93 68 41 60 89 15 44 32 72 34 86 76 31 37 79 98 33 97 14 57 17 48 1 87 10 8 2 70 49 52 75 74 69 9 29 40 23 42 45 7 78 0 96 73 53 58 94 99 80 88 21 24 3 20 92 28 36 66 47 6 71 81 43 90 64
TEST 2 ARG:90 79 70 99 98 93 22 0 25 52 71 6 5 85 56 91 20 31 36 11 47 76 48 38 14 13 65 18 55 92 37 9 57 64 54 8 86 10 35 87 30 33 77 58 23 68 19 59 51 80 43 61 3 27 75 81 46 49 97 96 32 42 41 63 15 44 2 78 73 26 74 40 17 21 7 16 66 95 60 67 84 69 1 62 94 89 50 83 34 28 72 12 88 45 82 4 53 39 24 29
TEST 3 ARG:14 62 9 5 50 77 2 64 87 96 75 29 58 71 23 48 12 53 11 38 17 80 52 34 91 21 63 56 94 44 73 70 60 66 32 31 42 81 28 1 92 95 47 72 25 18 6 26 7 27 83 46 97 43 76 69 10 19 8 24 36 13 33 61 51 4 0 98 99 79 35 74 54 88 89 55 22 40 82 65 15 30 39 90 16 49 78 45 3 67 59 85 57 86 93 41 84 20 68 37
TEST 4 ARG:47 98 1 79 57 33 45 75 3 50 61 52 21 38 16 51 59 72 83 8 23 13 12 2 81 67 76 71 10 35 14 0 70 63 6 4 37 7 40 53 26 90 92 30 15 58 74 43 84 18 19 36 68 86 32 41 99 65 48 22 27 49 69 82 20 46 91 44 29 64 80 34 24 78 55 89 94 54 9 25 60 31 88 17 95 62 56 96 97 87 28 93 73 85 42 77 66 5 11 39
TEST 5 ARG:81 10 55 86 47 58 73 66 70 43 9 75 98 48 36 23 2 64 35 61 38 79 5 87 15 94 57 72 85 67 96 27 39 21 18 78 26 16 7 89 80 17 8 50 32 49 65 95 76 20 22 82 40 59 3 41 74 33 37 56 46 62 91 63 71 77 34 13 19 4 88 84 93 42 97 11 28 54 83 1 52 12 92 25 0 69 14 29 45 6 99 53 44 90 68 31 30 51 24 60
TEST 6 ARG:27 90 59 24 9 28 96 43 11 47 25 87 54 58 55 62 66 89 21 82 15 16 40 17 67 99 52 4 8 41 26 0 5 32 68 42 50 48 83 37 93 91 95 64 56 70 79 88 92 84 23 72 97 36 75 65 13 46 76 74 77 44 34 53 1 19 10 94 18 69 80 38 78 85 49 39 73 57 71 63 29 60 2 30 3 22 31 33 98 6 45 20 12 7 81 86 51 61 35 14
TEST 7 ARG:1 70 42 11 26 79 59 47 78 73 21 12 37 41 28 39 24 97 82 77 83 36 67 23 43 40 50 19 87 44 76 22 10 88 9 91 56 99 32 84 96 25 75 92 71 29 7 34 51 57 95 80 68 27 52 62 65 48 20 4 35 60 38 6 31 69 86 46 33 98 53 8 3 90 2 74 81 16 17 0 13 54 66 63 18 72 64 5 45 89 58 61 30 94 14 49 85 15 55 93
TEST 8 ARG:34 27 85 82 92 48 70 73 63 20 67 19 97 98 5 24 86 41 58 62 93 89 68 88 46 35 2 1 99 59 38 28 0 13 61 90 83 76 22 8 60 40 7 95 52 53 78 17 4 49 23 77 16 25 21 9 79 36 33 94 55 66 37 80 32 29 18 81 12 91 44 3 71 64 43 30 84 42 69 47 87 6 56 96 15 72 26 74 50 45 10 65 51 54 14 39 31 11 75 57
TEST 9 ARG:82 39 75 35 85 68 74 63 33 37 9 61 23 66 17 22 3 56 26 47 13 36 41 1 83 53 95 50 43 20 5 40 65 91 77 81 76 84 97 11 70 48 89 7 4 10 21 29 79 64 99 87 72 67 46 45 42 31 55 80 12 98 14 69 88 2 28 58 62 94 51 24 30 59 27 8 19 54 16 90 57 6 49 73 15 44 34 92 86 32 96 38 78 18 52 25 93 0 60 71
TEST 10 ARG:87 10 35 89 18 93 64 13 45 70 86 0 39 56 57 32 59 26 9 68 73 66 1 90 36 85 54 83 81 82 46 61 99 84 72 3 47 38 20 5 69 49 65 12 75 34 21 78 11 43 15 88 58 91 30 37 97 71 98 28 79 94 74 42 95 31 77 92 48 41 33 2 8 51 24 67 23 60 55 25 52 7 27 44 63 50 40 53 17 4 76 14 80 29 16 96 6 19 22 62
TEST 11 ARG:73 98 80 6 40 94 60 25 46 59 49 53 22 52 62 12 27 0 30 38 21 63 13 5 66 92 45 23 36 44 41 75 83 32 10 31 81 82 18 43 64 9 95 20 87 26 42 58 79 19 1 68 2 99 24 56 54 57 91 48 33 76 74 72 61 77 47 14 11 15 50 34 3 17 97 28 37 70 55 85 86 93 29 69 4 7 67 65 90 35 96 88 39 16 71 51 84 8 89 78
TEST 12 ARG:73 71 72 80 33 88 92 13 18 79 27 39 2 81 1 42 67 16 7 6 32 96 9 53 12 44 75 26 57 74 82 30 84 54 8 59 31 19 48 0 78 91 86 15 29 34 83 70 94 60 52 21 25 65 99 45 61 93 76 62 24 41 68 20 87 56 37 28 69 77 3 17 90 51 40 10 5 63 95 36 14 4 66 98 22 11 64 43 85 35 97 58 46 38 89 50 55 47 49 23
TEST 13 ARG:7 89 1 94 41 99 19 72 58 76 83 27 21 67 53 87 95 75 40 54 49 66 52 32 42 17 9 71 90 82 33 23 38 70 22 36 2 62 85 81 3 16 24 37 55 65 46 78 91 4 5 14 69 26 35 84 73 63 64 18 43 51 56 6 68 44 50 77 39 98 79 96 15 86 80 31 29 10 60 93 30 20 25 28 57 47 48 12 11 61 59 97 8 0 88 92 13 45 74 34
TEST 14 ARG:27 90 25 23 36 76 37 93 5 13 80 63 31 1 57 12 68 62 30 52 3 15 50 99 38 77 69 18 95 6 53 7 10 98 74 19 66 44 43 11 92 4 8 89 81 85 47 24 32 94 83 97 46 40 87 2 58 39 0 9 42 91 59 79 61 33 56 20 22 28 45 48 49 73 65 75 29 78 82 34 26 86 55 41 14 70 17 64 54 71 67 84 35 60 88 72 21 96 16 51
TEST 15 ARG:42 81 4 95 84 36 53 71 77 93 83 13 67 39 6 27 86 65 30 70 64 7 45 79 1 88 18 44 5 48 69 99 66 17 3 9 72 76 24 11 82 73 19 26 28 37 59 57 32 41 55 75 50 97 40 98 63 96 29 85 47 2 31 46 15 62 38 56 14 91 87 54 33 89 10 49 35 34 51 0 16 74 80 43 12 8 94 92 52 90 61 60 58 68 78 25 20 23 22 21
TEST 16 ARG:7 54 79 44 69 86 95 28 41 37 72 97 17 58 93 49 66 34 89 0 78 31 75 47 19 65 20 53 94 23 64 6 13 32 70 4 92 71 85 52 14 62 88 30 82 8 11 39 33 2 48 96 90 9 15 84 40 57 63 87 43 10 81 22 26 61 80 77 83 36 18 55 24 46 91 99 42 50 45 35 98 38 76 1 27 51 25 29 59 16 67 56 5 73 74 12 3 60 68 21
TEST 17 ARG:35 22 63 17 86 32 6 39 7 25 48 57 90 95 71 72 67 13 11 94 43 75 37 81 44 66 2 9 38 16 24 84 21 96 65 0 46 61 47 42 76 82 78 88 23 62 31 52 51 3 97 91 80 92 60 34 30 33 74 5 73 15 45 41 85 99 83 18 19 40 69 59 89 70 64 1 4 50 56 49 28 10 79 55 87 14 54 29 58 27 20 36 8 26 98 12 68 53 77 93
TEST 18 ARG:12 28 75 65 96 25 61 93 94 57 8 50 32 87 53 79 56 16 43 95 84 45 35 52 81 15 59 47 80 60 6 33 70 98 68 90 36 86 0 63 78 71 49 20 82 40 88 21 9 54 99 11 83 13 7 48 10 18 46 34 29 92 72 26 55 76 74 31 24 69 64 41 1 73 44 66 27 85 14 58 19 3 4 22 23 42 37 62 2 91 89 97 77 5 38 51 39 67 30 17
TEST 19 ARG:1 54 22 98 20 57 94 64 59 86 79 24 13 75 16 52 71 36 6 66 2 25 73 48 3 38 91 11 88 83 18 46 31 70 68 47 81 23 76 84 89 44 4 97 72 39 53 8 35 74 85 15 62 5 87 58 56 99 95 27 43 80 0 37 29 26 61 42 77 69 19 40 51 92 82 50 33 34 96 60 7 45 65 78 14 30 67 9 49 32 17 21 63 55 90 10 41 12 93 28
TEST 20 ARG:26 9 65 98 87 85 99 70 0 58 30 14 80 90 34 86 57 89 73 29 54 10 77 49 39 91 66 12 81 17 74 43 5 27 21 93 84 53 6 20 96 41 23 31 48 19 50 51 2 72 1 52 83 79 71 45 22 40 4 75 94 97 62 78 11 8 82 55 42 92 3 44 60 16 25 13 63 35 32 68 56 69 59 95 61 28 46 64 47 36 76 37 33 7 15 38 88 18 67 24
TEST 21 ARG:19 70 40 50 81 49 91 17 38 93 26 99 57 58 5 71 96 31 94 6 89 43 97 16 98 78 75 52 95 3 1 27 36 73 12 9 13 64 79 86 80 92 23 83 85 44 68 4 77 22 47 8 29 45 59 65 56 60 87 42 82 21 51 54 2 74 76 20 41 0 7 90 46 25 66 33 11 35 53 39 62 28 48 32 55 67 10 72 14 69 15 34 30 84 61 18 37 88 24 63
TEST 22 ARG:82 27 88 64 31 83 30 76 74 23 20 42 58 99 38 71 90 68 45 95 52 35 18 12 67 97 78 19 53 2 5 41 48 94 1 59 70 72 66 39 26 79 14 16 0 29 54 13 63 61 15 44 89 85 62 55 81 69 24 22 86 93 50 4 17 75 8 84 87 33 37 7 98 6 77 91 46 57 40 9 21 60 47 65 80 11 34 43 36 49 73 28 51 32 56 10 92 25 3 96
TEST 23 ARG:17 88 95 32 16 51 87 84 9 66 22 0 39 55 91 29 86 50 10 8 81 92 30 27 2 68 1 64 63 78 59 75 21 67 49 7 72 45 23 33 57 36 82 28 18 26 48 98 24 77 34 19 94 5 14 62 65 80 99 11 74 15 73 61 60 46 71 42 58 53 97 43 52 41 31 4 89 56 44 76 47 69 40 6 70 83 37 3 35 25 79 12 93 38 85 13 90 20 96 54
TEST 24 ARG:94 15 27 0 83 80 51 46 86 31 28 2 25 14 22 29 99 38 70 39 55 89 4 65 20 81 91 23 98 48 73 52 45 50 6 13 62 68 66 42 59 47 87 60 9 93 3 58 72 44 97 61 12 85 26 8 32 54 92 82 1 34 18 21 88 71 5 40 36 64 75 53 10 74 95 41 37 19 33 57 43 96 77 78 67 30 76 90 69 24 16 79 17 11 56 35 63 49 7 84
TEST 25 ARG:11 29 82 40 96 65 22 27 5 70 55 64 2 84 79 23 24 78 66 28 3 39 6 12 21 50 16 59 88 71 26 83 87 34 93 53 18 45 31 89 69 8 90 9 63 61 36 62 43 85 13 14 99 7 48 32 77 95 15 44 98 10 42 67 57 52 41 56 60 94 38 46 30 47 25 75 0 35 19 37 80 86 76 73 58 92 74 49 91 17 4 54 68 1 97 81 72 51 33 20
TEST 26 ARG:89 17 9 88 67 55 72 3 62 54 29 64 85 44 47 60 83 5 6 78 87 46 39 68 93 96 98 2 70 1 40 82 90 11 84 41 66 12 26 52 57 16 10 35 97 25 19 71 77 27 0 91 45 43 32 7 99 94 50 58 76 95 28 80 65 36 34 30 37 8 23 61 73 74 86 63 56 79 81 18 20 49 59 48 38 42 69 92 15 33 31 21 22 51 4 14 75 53 13 24
TEST 27 ARG:78 71 67 36 18 31 53 74 30 27 66 97 29 45 72 88 99 44 63 5 28 68 76 34 59 75 57 46 49 96 7 47 25 95 8 65 92 91 4 20 85 10 55 82 1 11 2 41 16 80 83 69 93 51 48 32 73 15 19 24 37 39 42 35 87 6 22 26 70 94 0 9 56 64 40 61 98 77 21 38 86 62 52 79 90 13 50 3 60 33 84 17 89 12 58 54 43 23 14 81
TEST 28 ARG:6 38 50 14 3 18 98 22 20 37 39 47 57 17 84 21 97 23 30 88 19 64 24 90 62 31 25 92 26 8 9 34 15 11 65 52 99 91 85 59 2 16 43 96 35 61 67 49 4 70 93 72 89 45 7 75 69 56 54 46 44 36 29 27 95 82 63 66 78 10 77 32 76 33 71 79 81 51 55 94 73 41 68 80 58 48 12 42 87 60 40 13 28 5 53 86 74 0 83 1
TEST 29 ARG:92 69 33 10 98 43 90 93 19 80 40 24 11 32 66 52 58 81 25 17 68 2 1 49 44 7 18 48 36 31 38 75 85 74 5 21 60 72 23 45 37 83 53 57 41 46 20 47 94 71 50 59 55 39 30 65 78 26 82 88 35 29 86 3 4 95 67 99 89 97 51 84 13 87 42 15 61 0 63 27 79 56 22 91 73 14 12 76 62 34 9 54 8 77 28 16 6 70 96 64
TEST 30 ARG:47 61 87 3 11 72 22 93 20 1 26 44 37 21 64 10 38 34 88 96 18 12 57 25 35 79 70 77 99 73 84 24 51 42 69 82 80 65 81 43 8 56 41 17 39 76 2 7 98 45 32 71 40 28 29 89 14 59 67 30 13 83 50 85 6 53 36 15 54 92 62 46 52 60 78 5 95 66 75 33 58 97 90 74 63 55 4 94 27 86 19 49 16 91 31 48 9 0 23 68
TEST 31 ARG:47 18 63 78 6 26 73 40 48 74 60 32 66 59 0 61 28 71 68 39 62 25 89 97 12 94 54 95 98 87 76 24 65 9 72 83 7 38 51 29 13 15 43 77 49 53 31 81 96 17 57 5 27 37 50 33 21 20 1 19 44 16 88 84 10 14 69 52 90 34 3 36 75 46 70 80 41 22 86 4 45 99 82 64 11 91 35 8 23 2 93 85 42 55 58 79 67 92 30 56
TEST 32 ARG:45 47 86 28 83 34 57 94 95 77 25 9 74 21 37 35 84 1 72 80 14 22 91 19 78 15 98 31 69 66 4 30 17 82 3 54 87 2 90 23 99 26 56 63 67 76 0 62 33 29 96 68 38 10 24 5 97 64 42 12 55 13 59 89 75 39 6 44 88 53 11 92 58 71 81 49 8 40 51 85 52 61 46 7 16 60 43 73 27 36 41 65 18 79 70 48 20 32 50 93
